326
327
328
332
334
336
338
340
341
342
344
345
346
348
349
352
353
355
357
359
361
362
366
368
369
372
373
374
375
378
379
381
382
386
387
388
389
390
392
394
395
397
398
400
402
404
407
409
410
411
413
415
417
419
420
423
424
425
426
428
429
432
434
435
436
439
442
443
444
445
446
447
449
453
454
455
456
457
458
462
463
464
468
469
470
471
472
473
474
475
477
478
479
480
482
484
485
486
487
488
489
492
493
496
498
499
500
501
502
503
505
507
508
509
510
511
512
513
514
515
516
517
518
520
522
523
524
526
530
531
534
536
537
538
541
543
544
545
547
549
553
556
557
560
561
562
563
564
565
566
568
569
571
572
573
574
575
576
578
579
581
582
583
585
586
588
589
590
591
595
596
597
598
599
600
601
603
605
607
609
610
613
615
616
617
618
619
621
622
625
626
629
632
633
635
636
637
638
640
641
642
643
645
647
649
650
651
653
654
657
659
660
661
662
663
664
666
668
669
673
674
675
677
679
682
683
684
685
686
688
689
691
694
696
697
698
700
701
702
706
707
708
710
711
712
718
719
720
721
723
725
726
728
731
732
733
734
736
737
738
739
741
742
743
744
745
746
747
748
750
751
752
753
754
755
759
760
761
763
764
767
768
770
771
772
774
776
777
778
779
780
784
785
786
789
790
791
793
795
796
797
798
799
802
804
808
809
